Organism Name,Region,Average_lifespan_days,Tip_Name,Genome_size_bp,AA_Rate,AT_Rate,AG_Rate,AC_Rate,TA_Rate,TT_Rate,TG_Rate,TC_Rate,GA_Rate,GT_Rate,GG_Rate,GC_Rate,CA_Rate,CT_Rate,CG_Rate,CC_Rate,AA_and_TT_Rate,AC_and_GT_Rate,AG_and_CT_Rate,CA_and_TG_Rate,CC_and_GG_Rate,GA_and_TC_Rate
Acanthocheilonema viteae,downstream1,730.2,Acanthocheilonema_viteae_ott295364,81095982.0,0.1274724430617966,0.0948265929254522,0.0628336597918347,0.0467411760187425,0.0655221415677689,0.0985136536467334,0.073843632778994,0.0512987927436596,0.0796814789210226,0.0503258183866548,0.0404296449923826,0.0420683386462854,0.0620783244357388,0.0434125795342525,0.0354751571481609,0.0254765654005197,,,,,,
Acanthocheilonema viteae,downstream2,730.2,Acanthocheilonema_viteae_ott295364,81095982.0,0.1150747399863703,0.1153868200317175,0.0455191037570616,0.037869958155798,0.0923948003643056,0.172733120609384,0.0711351433975963,0.056034290591105,0.0550598365719599,0.0546012699747151,0.021781913369127,0.0255841947379482,0.0512066033590003,0.0496716790543337,0.018495519422206,0.0174510066173707,,,,,,
Acanthocheilonema viteae,exon,730.2,Acanthocheilonema_viteae_ott295364,81095982.0,0.1153962737043919,0.0957162060119854,0.0597042741542465,0.0493747556593315,0.0617275487744139,0.0958543756393023,0.0792558119607769,0.053477001183546,0.0775324404076539,0.0536933598247709,0.0412441692952813,0.0443160335677218,0.0646462482661854,0.0449758203152195,0.0379645150406743,0.0251211661944978,,,,,,
Acanthocheilonema viteae,genome,730.2,Acanthocheilonema_viteae_ott295364,81095982.0,,0.119988,,,0.093189,,,,,,,0.026992,,,0.020399,,0.287645,0.08602000000000001,0.091793,0.11941099999999999,0.042565,0.111998
Acanthocheilonema viteae,intergenic,730.2,Acanthocheilonema_viteae_ott295364,81095982.0,,0.1305669958676444,,,0.1023225209995993,,,,,,,0.0232932069007773,,,0.0164132493994327,,0.31016113654014443,0.0772447984530841,0.0852073579179307,0.1123687195675506,0.0358477401037957,0.1065742742500401
Acanthocheilonema viteae,intron,730.2,Acanthocheilonema_viteae_ott295364,81095982.0,0.122587511553448,0.1161632184295109,0.0495763661869234,0.0383344070766032,0.0966674671740288,0.1676661193086806,0.0639123896385399,0.0556085288594719,0.0542105948774027,0.0517900201249323,0.0212029587461041,0.0254322075127763,0.0531919418743038,0.0482342609470858,0.017948497542206,0.0174735101479816,,,,,,
Acanthocheilonema viteae,upstream1,730.2,Acanthocheilonema_viteae_ott295364,81095982.0,0.1135334467011865,0.1120813191432447,0.0507607747227901,0.0400163045901242,0.0890574545732464,0.1501296087535268,0.0712434160663902,0.0556967346236887,0.0611931648101088,0.0557158415652406,0.0300297431390157,0.02809357306176,0.0525631962091827,0.0481240167886326,0.0231193992777576,0.0186420059741037,,,,,,
Acanthocheilonema viteae,upstream2,730.2,Acanthocheilonema_viteae_ott295364,81095982.0,0.1124761959353166,0.1044640184445675,0.0567285094674895,0.0413028386546165,0.0767525842138448,0.130494041818726,0.0755997987402156,0.0536968747412601,0.0694664705020667,0.0591168771614727,0.0369464559807911,0.0342269012999089,0.0564419053442115,0.0419142607842762,0.0306347962881581,0.0197374706230773,,,,,,
Acanthopleura granulata,downstream1,2069.854167,Acanthopleura_granulata_ott457177,606536932.0,0.0904643923511848,0.0642589416174321,0.0818880630201384,0.0593566694195625,0.0456345424898884,0.0722741037206446,0.0782881223132795,0.0557990809563136,0.0824386421870698,0.0554602630074328,0.0556296719818732,0.0469051097981915,0.0799822120576837,0.0586790335218008,0.024363128136713,0.0485780234207907,,,,,,
Acanthopleura granulata,downstream2,2069.854167,Acanthopleura_granulata_ott457177,606536932.0,0.0923639086326535,0.0839537679539366,0.0636903380929281,0.0563242148777761,0.0665112943707422,0.0995349376753211,0.0908506105920317,0.0534505304452365,0.0632316031468162,0.0698964419041191,0.0429365363929723,0.0361873325881087,0.0743625166093687,0.057051863412988,0.0145951532280176,0.0350589500769831,,,,,,
Acanthopleura granulata,exon,2069.854167,Acanthopleura_granulata_ott457177,606536932.0,0.085098868142688,0.0623777133411018,0.084134124639802,0.061012800014453,0.0412283316621952,0.0606586994029068,0.0821956044551638,0.055669674715229,0.0841666440837195,0.0565648627408471,0.0604897789581131,0.0487159336242016,0.081117946216453,0.0599188820537835,0.0250471983595747,0.0516029375897672,,,,,,
Acanthopleura granulata,genome,2069.854167,Acanthopleura_granulata_ott457177,606536932.0,,0.0854,,,0.072598,,,,,,,0.039347,,,0.025428,,0.192856,0.123748,0.114708,0.150479,0.081855,0.113581
Acanthopleura granulata,intergenic,2069.854167,Acanthopleura_granulata_ott457177,606536932.0,,0.0871694710183591,,,0.0749960771641353,,,,,,,0.0393683896082424,,,0.0279229974373811,,0.1952569269616057,0.12329029736899441,0.11205417947349819,0.1469278220745939,0.0802498966685954,0.1127639422245935
Acanthopleura granulata,intron,2069.854167,Acanthopleura_granulata_ott457177,606536932.0,0.0938680032304796,0.0868365366099598,0.0588776700127655,0.0561864608171225,0.0724677394493209,0.1051169732844052,0.084632032241869,0.0558073075458686,0.0551558718536064,0.0677243527733401,0.039954041752694,0.03673052042398,0.0742767536008972,0.0583461898537586,0.0161008915282803,0.0379186550216517,,,,,,
Acanthopleura granulata,upstream1,2069.854167,Acanthopleura_granulata_ott457177,606536932.0,0.1022677588432059,0.0868649089999209,0.0567440145389417,0.0582242473727184,0.0721047225221903,0.1070613954223404,0.0769826428213975,0.0564700924487054,0.0557326098980693,0.0630389548818711,0.0379750836252535,0.0370848368319856,0.0739115547712487,0.055816893618142,0.0221613506466141,0.0375589327573945,,,,,,
Acanthopleura granulata,upstream2,2069.854167,Acanthopleura_granulata_ott457177,606536932.0,0.0942500763776956,0.0750239667941384,0.0675758246157411,0.0577520727326359,0.0583788965793327,0.0909684691802829,0.0806443117052769,0.0548707900087439,0.068998029982196,0.0647261464555481,0.0493557936432687,0.0422500342382773,0.0729644027264203,0.0538805136795086,0.0280490502828608,0.0403116209980721,,,,,,
Acanthoscurria geniculata,downstream1,3491.0,Acanthoscurria_geniculata_ott44519,7178402394.0,0.112145704767626,0.0837065152094369,0.07440882529627,0.0486046638632515,0.0634864289225056,0.096936267817159,0.0828054175086013,0.0521680956801922,0.0748457211512205,0.0573425809622631,0.0432390366446398,0.0377778384577576,0.0696166238872808,0.0562503413248866,0.0137758724264103,0.032890066080498,,,,,,
Acanthoscurria geniculata,downstream2,3491.0,Acanthoscurria_geniculata_ott44519,7178402394.0,0.1149775368208572,0.0989987584962621,0.0549209099597181,0.0462929055653307,0.0884504425648216,0.1451308937933745,0.0848420432114754,0.0475433409848072,0.0504818642205768,0.0708460981949071,0.0276971445414028,0.0261876903564634,0.0612177454649386,0.0513750323773456,0.007315047203937,0.0237225462437813,,,,,,
Acanthoscurria geniculata,exon,3491.0,Acanthoscurria_geniculata_ott44519,7178402394.0,0.1092293616660617,0.0822968981921151,0.0730238552127453,0.0500422687335244,0.0599151148210044,0.0935627652661843,0.0840245919274325,0.0530456306734093,0.0746559281627118,0.0572964092221901,0.0430489122049066,0.0406714317691366,0.0706746263726472,0.0575528467829038,0.0159969227492714,0.0349624362437547,,,,,,
Acanthoscurria geniculata,genome,3491.0,Acanthoscurria_geniculata_ott44519,7178402394.0,,0.08017,,,0.066318,,,,,,,0.040967,,,0.030574,,0.203214,0.119066,0.115485,0.14330900000000002,0.081959,0.118937
Acanthoscurria geniculata,intergenic,3491.0,Acanthoscurria_geniculata_ott44519,7178402394.0,,0.0801578127057242,,,0.06631618125768,,,,,,,0.0409875911986596,,,0.0306374284973166,,0.20318049594455911,0.1191079041603132,0.1154278834847065,0.1432981938683853,0.0819733394068924,0.1189131694757624
Acanthoscurria geniculata,intron,3491.0,Acanthoscurria_geniculata_ott44519,7178402394.0,0.0992320944643818,0.0861611615575469,0.0586732171165035,0.0543354562647167,0.0678092281374241,0.1113533662596751,0.0848333483880662,0.05593125794922,0.0553290686343131,0.0634987227735869,0.0399389933706376,0.0371516559564014,0.0760189806647285,0.0589227974747433,0.0124850112653638,0.0383256397226903,,,,,,
Acanthoscurria geniculata,upstream1,3491.0,Acanthoscurria_geniculata_ott44519,7178402394.0,0.104262487183243,0.0908061129827645,0.0538157316537278,0.0487085591523851,0.0800058590889116,0.1338508861871979,0.0852399785166739,0.0519310580538059,0.0519115277574337,0.0700258776426932,0.0330257311654704,0.0326644206825838,0.061491138128021,0.0565597382940286,0.0155070553195644,0.0301938381914945,,,,,,
Acanthoscurria geniculata,upstream2,3491.0,Acanthoscurria_geniculata_ott44519,7178402394.0,0.1006934812760055,0.089875173370319,0.0624608678422825,0.0439706756489003,0.0733663562512383,0.1327362789776104,0.0864355062413314,0.0521022389538339,0.0628095898553596,0.0662571824846443,0.0363304933623935,0.0343728947889835,0.0601862492569843,0.054987121062017,0.0150188230632058,0.02839706756489,,,,,,
Adalia bipunctata,downstream1,74.43,Adalia_bipunctata_revelierei_ott7165568,475288177.0,0.1315331740642944,0.0907204828366654,0.0756318370426254,0.0482627100884362,0.0662957374575631,0.0913386981851712,0.072718890146276,0.0481369713734858,0.0873464939854981,0.0487866214007292,0.0453497631920868,0.0324615449096776,0.0633199212037386,0.046240412422985,0.0201286726182991,0.0317280690724674,,,,,,
Adalia bipunctata,downstream2,74.43,Adalia_bipunctata_revelierei_ott7165568,475288177.0,0.1298087950124064,0.1215152526116057,0.0475770971037761,0.0402270689547321,0.0937936570820909,0.1502220646802477,0.0688296253049479,0.0543120165141058,0.0611668300006255,0.0512312600346129,0.0251986071436018,0.0190683709001438,0.0543693571592401,0.0443555954044079,0.0147000562980879,0.0236243457953668,,,,,,
Adalia bipunctata,exon,74.43,Adalia_bipunctata_revelierei_ott7165568,475288177.0,0.1259300832427869,0.0903377304442309,0.0722586902057273,0.0510097790070132,0.0645638957983495,0.0890760679232406,0.0712349925018633,0.0528317813238027,0.0829320857391726,0.0482296315586246,0.0441905155305717,0.0344995106006591,0.0657420461382351,0.0500956349170715,0.0227117213387092,0.0343558337299413,,,,,,
Adalia bipunctata,genome,74.43,Adalia_bipunctata_revelierei_ott7165568,475288177.0,,0.100131,,,0.071045,,,,,,,0.02901,,,0.031097,,0.240079,0.09862499999999999,0.101987,0.12562299999999998,0.069245,0.133158
Adalia bipunctata,intergenic,74.43,Adalia_bipunctata_revelierei_ott7165568,475288177.0,,0.1011388732523784,,,0.0708612589960029,,,,,,,0.0283416353542861,,,0.0314632639329895,,0.2431532508269459,0.0976535816625882,0.1005787584195631,0.1248093440637722,0.0680224644772116,0.1339775690142614
Adalia bipunctata,intron,74.43,Adalia_bipunctata_revelierei_ott7165568,475288177.0,0.1178300212462365,0.0999515125783152,0.0510930667610344,0.0494658389065614,0.074525186393393,0.1229918029865708,0.0635110094572625,0.0647647088626029,0.0632975646291868,0.0509071694152825,0.034155410566328,0.0293309410046586,0.0626872819438582,0.0519422227196608,0.0289317914705674,0.0346144710584802,,,,,,
Adalia bipunctata,upstream1,74.43,Adalia_bipunctata_revelierei_ott7165568,475288177.0,0.1263005900873663,0.1039481640567985,0.0487656122938343,0.0507047686565608,0.0790466857107112,0.1252423945453408,0.0667445109364248,0.0633979023749452,0.0612554473612877,0.0532798849016868,0.0285452157050814,0.0243697741821138,0.0629600283575554,0.052080944139786,0.0234210471444358,0.0299370295460706,,,,,,
Adalia bipunctata,upstream2,74.43,Adalia_bipunctata_revelierei_ott7165568,475288177.0,0.1387487228674492,0.1020819866969703,0.0588992681248566,0.0471809253737567,0.0773473175003649,0.1134197960758147,0.0639765216122104,0.057111282553848,0.0687045184428365,0.0498133822640171,0.0335964052628286,0.0266321232719614,0.062006088533956,0.0460966659021247,0.0227225338309806,0.0316624616860234,,,,,,
Aeolidia papillosa,downstream1,273.75,Aeolidia_papillosa_ott823222,166752208.0,0.0929292929292929,0.0691919191919192,0.0741414141414141,0.047070707070707,0.0449494949494949,0.0717171717171717,0.0773737373737373,0.061010101010101,0.0776767676767676,0.0541414141414141,0.0557575757575757,0.0583838383838383,0.0684848484848484,0.059090909090909,0.0394949494949494,0.0485858585858585,,,,,,
Aeolidia papillosa,downstream2,273.75,Aeolidia_papillosa_ott823222,166752208.0,0.0977107761027359,0.0861715987344128,0.0595570444816676,0.0411315838451516,0.0709101060859854,0.1282337613995905,0.0826353992183138,0.059929276009678,0.0621626651777405,0.0614182021217197,0.0377815000930578,0.0375953843290526,0.0543458030895216,0.0656988646938395,0.0186115764005211,0.0361064582170109,,,,,,
Aeolidia papillosa,exon,273.75,Aeolidia_papillosa_ott823222,166752208.0,0.0916771929824561,0.0716631578947368,0.0666666666666666,0.0499649122807017,0.0460912280701754,0.08,0.076238596491228,0.0629894736842105,0.076238596491228,0.0512561403508771,0.0575438596491228,0.0550456140350877,0.0658807017543859,0.0626245614035087,0.0396631578947368,0.0464561403508771,,,,,,
Aeolidia papillosa,genome,273.75,Aeolidia_papillosa_ott823222,166752208.0,,0.073677,,,0.060471,,,,,,,0.051178,,,0.029948,,0.17369099999999998,0.11022799999999999,0.126723,0.14467000000000002,0.11111599999999999,0.118299
Aeolidia papillosa,intergenic,273.75,Aeolidia_papillosa_ott823222,166752208.0,,0.073688910608011,,,0.060480685250917,,,,,,,0.0511763463671987,,,0.0299434601254975,,0.1737103186134119,0.1102245529184604,0.1267139050342712,0.1446714911775114,0.1111006066529456,0.1182897232517745
Aeolidia papillosa,intron,273.75,Aeolidia_papillosa_ott823222,166752208.0,0.0897959183673469,0.1183673469387755,0.0489795918367346,0.0326530612244898,0.0857142857142857,0.1387755102040816,0.0775510204081632,0.0816326530612244,0.0489795918367346,0.0448979591836734,0.0163265306122449,0.0326530612244898,0.0653061224489796,0.0816326530612244,0.0,0.036734693877551,,,,,,
Aeolidia papillosa,upstream1,273.75,Aeolidia_papillosa_ott823222,166752208.0,0.0954773869346733,0.0756909547738693,0.0505653266331658,0.0540201005025125,0.0653266331658291,0.1121231155778894,0.0515075376884422,0.0804020100502512,0.0408291457286432,0.0439698492462311,0.0339195979899497,0.0458542713567839,0.0738065326633165,0.0775753768844221,0.0282663316582914,0.0706658291457286,,,,,,
Aeolidia papillosa,upstream2,273.75,Aeolidia_papillosa_ott823222,166752208.0,0.1042713567839195,0.0704564489112227,0.0583123953098827,0.0500418760469011,0.0482621440536013,0.092964824120603,0.0589405360134003,0.0802973199329983,0.0630234505862646,0.044074539363484,0.0442839195979899,0.0493090452261306,0.0680485762144053,0.0715033500837521,0.0402010050251256,0.0560092127303182,,,,,,
Agrilus planipennis,downstream1,152.23,Agrilus_planipennis_ott315327,353056831.0,0.1468689764246528,0.0909405426778035,0.0718133741906786,0.0524983937132407,0.0803044531211387,0.1005683783917362,0.0643107794197598,0.0416250679582859,0.0746997479365393,0.0485642267582662,0.0392724756585775,0.0323135471754065,0.0634409133593634,0.0442544358226659,0.0195126773093461,0.0290120100825384,,,,,,
Agrilus planipennis,downstream2,152.23,Agrilus_planipennis_ott315327,353056831.0,0.1469439401441382,0.1226625055639744,0.0441066882723921,0.045892161422777,0.1227625320709988,0.1651387617718695,0.0576852866009492,0.0398355564224519,0.0411809129419296,0.0547345046437305,0.018945020430414,0.0184748958473995,0.048712908920864,0.0429713874176656,0.0125283200048012,0.0174246175236437,,,,,,
Agrilus planipennis,exon,152.23,Agrilus_planipennis_ott315327,353056831.0,0.1367419627749577,0.0906844331641286,0.069736040609137,0.05282910321489,0.0753054145516074,0.1006649746192893,0.0682351945854484,0.0450490693739424,0.0733688663282571,0.0503722504230118,0.0398908629441624,0.0342453468697123,0.0641810490693739,0.0474670050761421,0.0206937394247038,0.0305346869712351,,,,,,
Agrilus planipennis,genome,152.23,Agrilus_planipennis_ott315327,353056831.0,,0.097347,,,0.092126,,,,,,,0.030419,,,0.030387,,0.246021,0.11042,0.104348,0.115671,0.063723,0.109537
Agrilus planipennis,intergenic,152.23,Agrilus_planipennis_ott315327,353056831.0,,0.0974519619505198,,,0.0929292368826946,,,,,,,0.0304630471813309,,,0.0310803829279475,,0.2448415580285846,0.1107339823836832,0.1046339194370372,0.11463673046094511,0.0634553255546764,0.10977385519258
Agrilus planipennis,intron,152.23,Agrilus_planipennis_ott315327,353056831.0,0.1310408387983046,0.105053449142781,0.049885074140156,0.0514921739075307,0.1019664387168401,0.1406315315668707,0.0576907608801169,0.0504001702194428,0.0486742021260788,0.0553446963528424,0.0265959954845885,0.0263222021070599,0.0557849053867559,0.0496580356375165,0.0227624919714351,0.0266970335616793,,,,,,
Agrilus planipennis,upstream1,152.23,Agrilus_planipennis_ott315327,353056831.0,0.1335721442885771,0.114068136272545,0.0484068136272545,0.0524749498997995,0.1120440881763527,0.1336072144288577,0.0605260521042084,0.0467434869739478,0.0479058116232464,0.0575350701402805,0.0240881763527054,0.0235370741482965,0.0551653306613226,0.0474849699398797,0.0201152304609218,0.0227254509018036,,,,,,
Agrilus planipennis,upstream2,152.23,Agrilus_planipennis_ott315327,353056831.0,0.1491809527581273,0.10222125413979,0.0594149591837745,0.0496824304589535,0.097840131087162,0.1251318049731934,0.0619743271139537,0.0418360123364504,0.0577763696578763,0.0567070786077434,0.0299203477176081,0.0261679281990861,0.0556229362930253,0.0423261040677613,0.0197967356920441,0.0244006277134498,,,,,,
Alitta virens,downstream1,2007.5,Alitta_virens_ott986619,671169925.0,0.1137948522885761,0.0785364101263682,0.0757575757575757,0.055587253285998,0.053917839482693,0.0843265288871983,0.0737711846498457,0.054340475888593,0.0815793922488483,0.0485080934871729,0.0472084865390304,0.0422319428595579,0.0760322894214107,0.0537382190101855,0.0233189636955327,0.0373504923714128,,,,,,
Alitta virens,downstream2,2007.5,Alitta_virens_ott986619,671169925.0,0.1096749437564391,0.1124976346165976,0.0514707428355164,0.0458043354849561,0.0917979016421017,0.1267267298837282,0.0848173924013372,0.0492577952524126,0.0546876642627362,0.0639441979773343,0.0298196000925127,0.0297722924244654,0.0632556085868673,0.04956266689094,0.012010891276466,0.0248996026155884,,,,,,
Alitta virens,exon,2007.5,Alitta_virens_ott986619,671169925.0,0.1041056875541385,0.0744211991891119,0.0768937727608742,0.0573009401403181,0.0451584814443602,0.0748665526827786,0.0808520673563145,0.0562950398868022,0.0838171601685268,0.0517127061800733,0.0496682524637299,0.0450686851187533,0.0786724656347647,0.0560900502950126,0.0245624696710642,0.0405144694533762,,,,,,
Alitta virens,genome,2007.5,Alitta_virens_ott986619,671169925.0,,0.095516,,,0.079062,,,,,,,0.038867,,,0.016789,,0.20494,0.112207,0.115669,0.15073799999999998,0.076168,0.110044
Alitta virens,intergenic,2007.5,Alitta_virens_ott986619,671169925.0,,0.095136725024282,,,0.0802471935331492,,,,,,,0.0393543157338246,,,0.0160204203523335,,0.205434135319296,0.1131642498433096,0.11641565014250499,0.1513879436860954,0.0748677740740913,0.1079715922911127
Alitta virens,intron,2007.5,Alitta_virens_ott986619,671169925.0,0.1026318638121498,0.0996563528316656,0.0547546336555799,0.052087836158365,0.0821563606670332,0.1133322034331446,0.0776760974758303,0.0543260993201552,0.0535354504576939,0.0582974252499904,0.0364189091287818,0.0365239030545638,0.0708060471679485,0.0562050204695964,0.0159261681749548,0.035665628942546,,,,,,
Alitta virens,upstream1,2007.5,Alitta_virens_ott986619,671169925.0,0.1026891781081137,0.0954405920817476,0.0542881772881142,0.0531212548096129,0.078373036731776,0.1094909694918105,0.0763756018586657,0.0541357414688505,0.0541567670990938,0.0587298416770042,0.0371102373793654,0.0406688252980383,0.0703885536468955,0.0547822795988309,0.0227917831837009,0.0374571602783793,,,,,,
Alitta virens,upstream2,2007.5,Alitta_virens_ott986619,671169925.0,0.0999558461764891,0.0832194445028489,0.0640072748680641,0.054608818149324,0.0610163789659595,0.0970437963877967,0.0804388049031769,0.0540726645781207,0.0683700931435419,0.0594657387355185,0.0460513866403145,0.0425611320199323,0.0726698345282899,0.052516767940119,0.0262715249889615,0.0377304934715418,,,,,,
Amphibalanus amphitrite,downstream1,2190.0,Amphibalanus_amphitrite_ott186242,807604242.0,0.0446560596202756,0.0300072948088562,0.0717848622858382,0.063826291542622,0.0219304298679705,0.0262613118826521,0.0641023113371844,0.0561503124938388,0.0760697410014261,0.0517865709798045,0.0846723579319545,0.1033759849634931,0.0695569882297273,0.0598700078205608,0.0954371299198885,0.0805123453139068,,,,,,
Amphibalanus amphitrite,downstream2,2190.0,Amphibalanus_amphitrite_ott186242,807604242.0,0.0447934388183579,0.0495169913494412,0.0634319674038817,0.0530703091452041,0.0388767057728302,0.0573218342200238,0.0893770876561542,0.050857680443968,0.073147865878643,0.0764028885457948,0.0905702681705985,0.076524173378307,0.0541651506062602,0.0535488925383604,0.0728299029393543,0.05556484313282,,,,,,
Amphibalanus amphitrite,exon,2190.0,Amphibalanus_amphitrite_ott186242,807604242.0,0.0401963758722453,0.03011997683206,0.0660512452767741,0.0651967895854593,0.0187919574151198,0.0241785034614005,0.0700576440411506,0.057724025705381,0.0730192790357724,0.0515067435253882,0.0831966241001737,0.1084893951512811,0.0689924704195052,0.0646788206415312,0.0982613012659624,0.0795388476707946,,,,,,
Amphibalanus amphitrite,genome,2190.0,Amphibalanus_amphitrite_ott186242,807604242.0,,0.061972,,,0.048902,,,,,,,0.065629,,,0.058861,,0.14530700000000002,0.117606,0.115564,0.137444,0.12685000000000002,0.121866
Amphibalanus amphitrite,intergenic,2190.0,Amphibalanus_amphitrite_ott186242,807604242.0,,0.0664003168665731,,,0.0527731786717858,,,,,,,0.060353868179296,,,0.0535630587210449,,0.1609038163806496,0.1153590782611105,0.1126578559226125,0.1357767996574354,0.12271717284138839,0.1194948544981032
Amphibalanus amphitrite,intron,2190.0,Amphibalanus_amphitrite_ott186242,807604242.0,0.0683437061498757,0.0628374990588872,0.0564219132702507,0.0569011005509466,0.050339797638797,0.0769199156254769,0.0733663621797447,0.0619112176168135,0.0597019294924663,0.0627231569642428,0.062027879695987,0.0636620878457722,0.0661186200356404,0.0600567766499522,0.0562987883770321,0.0623692488481138,,,,,,
Amphibalanus amphitrite,upstream1,2190.0,Amphibalanus_amphitrite_ott186242,807604242.0,0.077832082788371,0.0734756627232706,0.0550370902129696,0.0537193468975667,0.0591279948339217,0.0915241569884648,0.078592571467907,0.0592394457610951,0.0546797916523255,0.0602556159794405,0.0506741142109766,0.0599310971032592,0.068427591316006,0.0631861197704111,0.0412171752434711,0.053080143050543,,,,,,
Amphibalanus amphitrite,upstream2,2190.0,Amphibalanus_amphitrite_ott186242,807604242.0,0.0614956291876046,0.0560844587520938,0.0633277062395309,0.0542981836264656,0.0402206344221105,0.0657781092964824,0.0788578308207705,0.0592513347989949,0.0631543132328308,0.0591957181742043,0.0648129972780569,0.0772645780988274,0.0702994137353433,0.0626635783082077,0.0577398712311557,0.0655556427973199,,,,,,
Amphibalanus improvisus,downstream1,1095.0,Amphibalanus_improvisus_ott43613,763285307.0,0.0441777033383993,0.0339733052117903,0.0755869855153376,0.063780072991946,0.0232933221674265,0.026188186884195,0.0646692100120964,0.0601718308985453,0.0816351850128718,0.0540202433754122,0.0796397961188135,0.0966988203426279,0.070396906630274,0.0594894699295927,0.0919016159548401,0.0743773456158307,,,,,,
Amphibalanus improvisus,downstream2,1095.0,Amphibalanus_improvisus_ott43613,763285307.0,0.042394348793146,0.0492009226460169,0.063349534558036,0.0558427382815718,0.0366020677156273,0.0494326138891177,0.0925529285773127,0.0498548068209901,0.0780645028420792,0.0792435538347475,0.0876668176950325,0.0791972155861273,0.0537935579537029,0.0508793969849246,0.0802269544443529,0.0516980393772139,,,,,,
Amphibalanus improvisus,exon,1095.0,Amphibalanus_improvisus_ott43613,763285307.0,0.0392018820709829,0.0329679624995594,0.0687828216966834,0.0659597152222183,0.0202075917245268,0.0229240827547316,0.0706869206640115,0.0617453212561237,0.0769322947872977,0.0542320163535755,0.0805686744440136,0.1023613999224615,0.0700093398653649,0.0652098826348993,0.0953512141824974,0.0728588799210517,,,,,,
Amphibalanus improvisus,genome,1095.0,Amphibalanus_improvisus_ott43613,763285307.0,,0.064502,,,0.049349,,,,,,,0.065691,,,0.061999,,0.1431,0.12084500000000001,0.111007,0.13968999999999998,0.121348,0.122469
Amphibalanus improvisus,intergenic,1095.0,Amphibalanus_improvisus_ott43613,763285307.0,,0.0707574050703902,,,0.0546373214585804,,,,,,,0.0589044107293031,,,0.0552647358247452,,0.16286727355208092,0.1180571719011901,0.1070626495079609,0.13781751305182632,0.1150878918446009,0.1195436270593212
Amphibalanus improvisus,intron,1095.0,Amphibalanus_improvisus_ott43613,763285307.0,0.0653378762611161,0.0629991348753055,0.0541536166793885,0.0589725918075775,0.0483828995781581,0.0725539115823996,0.0753794914839568,0.0626720554542234,0.0602923636350569,0.0654377444112016,0.060493148026758,0.065189646173283,0.0674495561032915,0.0579974923661504,0.0613864214651541,0.0613020500969784,,,,,,
Amphibalanus improvisus,upstream1,1095.0,Amphibalanus_improvisus_ott43613,763285307.0,0.0734166378727946,0.0735919796603526,0.0533761029772004,0.0556864888838463,0.0559752871221771,0.0897027956700892,0.0799403837922303,0.0615965385468291,0.0566508687154151,0.062906444842115,0.0487759596095035,0.0582186305806391,0.0698066598936603,0.0610034707359713,0.0445522853739163,0.054799465723259,,,,,,
Amphibalanus improvisus,upstream2,1095.0,Amphibalanus_improvisus_ott43613,763285307.0,0.0558563106196012,0.0555008988312618,0.0604972674499461,0.0560211392750629,0.0376994040413926,0.0608990372976341,0.0816262407219495,0.0620373851994169,0.0638917075733616,0.0636032574263035,0.0635929556353372,0.0776806547818338,0.0704281939415167,0.0617695386342915,0.0635517484714717,0.0653442600996183,,,,,,
Amphioctopus burryi,downstream1,304.1666667,Amphioctopus_burryi_ott2868173,1031232840.0,0.1176165314210228,0.080038686544631,0.0667814682015474,0.0566380449141347,0.0593272315531232,0.0909841479524438,0.0759577278731836,0.057322136252123,0.0743772409888658,0.0524155501037931,0.0396301188903566,0.0381439894319683,0.0714285714285714,0.0585016040762408,0.0233770522740139,0.0374598980939799,,,,,,
Amphioctopus burryi,downstream2,304.1666667,Amphioctopus_burryi_ott2868173,1031232840.0,0.1015568105307995,0.095895681327892,0.0510875688747818,0.0483119666927738,0.0817428583206232,0.1483847918985393,0.072866427580142,0.0622724212319826,0.0481745606441595,0.0590571196944089,0.03054536460695,0.0288140483944103,0.0653228355112192,0.0618602030861398,0.0118444013905492,0.0322629402146282,,,,,,
Amphioctopus burryi,exon,304.1666667,Amphioctopus_burryi_ott2868173,1031232840.0,0.1046059448823481,0.0822369570026429,0.0616551595664171,0.0563081419040855,0.0600135058040028,0.1020619636973302,0.0769306896110095,0.0610817450430206,0.0674737160753996,0.0547305242813398,0.0392657965513628,0.0380782172338716,0.0725151067074945,0.0614281223439555,0.021981860308072,0.0396325489876468,,,,,,
Amphioctopus burryi,genome,304.1666667,Amphioctopus_burryi_ott2868173,1031232840.0,,0.091718,,,0.077964,,,,,,,0.035027,,,0.022695,,0.211132,0.114206,0.116447,0.140074,0.072962,0.11777499999999999
Amphioctopus burryi,intergenic,304.1666667,Amphioctopus_burryi_ott2868173,1031232840.0,,0.0917957787685321,,,0.0781126142497071,,,,,,,0.0350494151774978,,,0.0227953242139638,,0.2109455825315733,0.1142573162146241,0.1163779000044188,0.1399742683325175,0.0729786620216904,0.1177131384854743
Amphioctopus burryi,intron,304.1666667,Amphioctopus_burryi_ott2868173,1031232840.0,0.1028415054780873,0.0938124538321254,0.0557651205419432,0.0531733803458812,0.080058347518729,0.1205713038842071,0.0754460642449955,0.0590007920689013,0.0537559213322772,0.0590888738675316,0.0342391300721269,0.0323760665738248,0.0687858791531068,0.0617373334036208,0.0139616323692602,0.035386195313381,,,,,,
Amphioctopus burryi,upstream1,304.1666667,Amphioctopus_burryi_ott2868173,1031232840.0,0.1049955588226285,0.0912125945664492,0.0561732365462954,0.0540598486936812,0.0761585347177555,0.1119176697601764,0.0747496094826794,0.058010965113786,0.0577199914239333,0.0569848999969371,0.036478912064688,0.0349627859965083,0.0675977824741952,0.0608900732028546,0.0183772856749058,0.0397102514625256,,,,,,
Amphioctopus burryi,upstream2,304.1666667,Amphioctopus_burryi_ott2868173,1031232840.0,0.1046069907962165,0.0901639344262295,0.0548912627794916,0.0505825663513754,0.0708640338576855,0.1304336741197766,0.0748795349667287,0.0606404405578359,0.0611885883282767,0.0570073681258445,0.0343675904443821,0.0323407184560079,0.0634321699003136,0.0584860923437778,0.0214032582923284,0.0347117762537286,,,,,,
Anadara kagoshimensis,downstream1,2596.0625,Anadara_kagoshimensis_ott64928,1115236308.0,0.1269496281862316,0.0913504375994071,0.0783432011791451,0.0593819480876364,0.077618726423343,0.0935405164589006,0.0693663760440347,0.0432852848351611,0.0810079359131296,0.052695129364544,0.0400376393781175,0.0272718945431229,0.0726639852773406,0.0443261968406238,0.013506874182884,0.0286542256863773,,,,,,
Anadara kagoshimensis,downstream2,2596.0625,Anadara_kagoshimensis_ott64928,1115236308.0,0.1229395120698297,0.1095129398020605,0.0541909879156706,0.0519414881497346,0.0925733365922771,0.1251061573324164,0.0784176446950332,0.0459759639085783,0.0576791625066801,0.0616313223164462,0.0325286780149718,0.0222215777983072,0.0655834821262122,0.0458351112528843,0.0087494355536959,0.0251131999652011,,,,,,
Anadara kagoshimensis,exon,2596.0625,Anadara_kagoshimensis_ott64928,1115236308.0,0.1193786898274296,0.0902922059491371,0.0840258855585831,0.060161926657584,0.0740058753405994,0.0807859332425068,0.0729372445504087,0.0439550692552225,0.0835476271571298,0.0551593721616712,0.0413501930063578,0.029325613079019,0.0757386750681198,0.0452975987738419,0.0129896117166212,0.0310484786557674,,,,,,
Anadara kagoshimensis,genome,2596.0625,Anadara_kagoshimensis_ott64928,1115236308.0,,0.104456,,,0.092529,,,,,,,0.026595,,,0.01864,,0.240218,0.115193,0.100121,0.135075,0.06308,0.10409199999999999
Anadara kagoshimensis,intergenic,2596.0625,Anadara_kagoshimensis_ott64928,1115236308.0,,0.1053654195988913,,,0.0942246369478173,,,,,,,0.026637740116623,,,0.0202559081847564,,0.2423709760202179,0.115486699297661,0.0981644109762268,0.13300921397812548,0.0615614061331637,0.1029235887465163
Anadara kagoshimensis,intron,2596.0625,Anadara_kagoshimensis_ott64928,1115236308.0,0.1147528633896289,0.1039511817058216,0.0514303518352679,0.0550943782575145,0.0912641047047668,0.1226933990097556,0.0723453093370865,0.0523239017221522,0.0513045015187778,0.0597968909873772,0.0337507628648453,0.0256679451828547,0.0679066314521723,0.0521851588054458,0.0129942242415011,0.0325383949850313,,,,,,
Anadara kagoshimensis,upstream1,2596.0625,Anadara_kagoshimensis_ott64928,1115236308.0,0.1231922183050454,0.1058921980056921,0.0480680401181505,0.0549822484226573,0.0914879425984,0.1280433494761524,0.0681105444783687,0.0519373454245671,0.0510135177122214,0.0566890511916549,0.0305567408352562,0.0258671759456805,0.0666108779677447,0.0489421551284866,0.017333162100693,0.0312734322892285,,,,,,
Anadara kagoshimensis,upstream2,2596.0625,Anadara_kagoshimensis_ott64928,1115236308.0,0.1221026815860009,0.096347359219842,0.0631931297045822,0.0562996350259127,0.080700286262309,0.1124004192437869,0.0698463463235385,0.0479561865386288,0.0658776156131026,0.0577785879106994,0.0370152493713414,0.0279592521552527,0.0692497938994229,0.0439750276526904,0.0188369713364845,0.0304614581564044,,,,,,
Ancula gibbosa,downstream1,121.6666667,Ancula_gibbosa_ott739837,638039246.0,0.0903571932796837,0.0711819593649326,0.0718365356230667,0.0543940035680823,0.0419313850063532,0.0803331921502188,0.0765725873730956,0.0623644321230089,0.0788186823764968,0.05168585473541,0.0544966821968092,0.0480535982441954,0.0775865388317739,0.0575128669156623,0.0313554862474811,0.0515190019637287,,,,,,
Ancula gibbosa,downstream2,121.6666667,Ancula_gibbosa_ott739837,638039246.0,0.0969751748466526,0.1104451679142132,0.0489833884710899,0.0427266425055064,0.0907623050799863,0.1366831348666602,0.0785471713014558,0.057942908289969,0.0547925972077187,0.0608387374184999,0.0342497608747159,0.0280105653886992,0.0566704985213721,0.0561264336547996,0.015576050615583,0.0306694630430776,,,,,,
Ancula gibbosa,exon,121.6666667,Ancula_gibbosa_ott739837,638039246.0,0.0895858893065864,0.069036479014179,0.0723581173612767,0.0562687011189323,0.0382443260467094,0.0724171250003073,0.0793628158445345,0.0625358041143076,0.080412660088954,0.0516882331391818,0.0546951640781162,0.0509727655159357,0.0781802044122962,0.0595214972204943,0.0327394050554794,0.0519808126827085,,,,,,
Ancula gibbosa,genome,121.6666667,Ancula_gibbosa_ott739837,638039246.0,,0.100198,,,0.082648,,,,,,,0.032731,,,0.026755,,0.19047,0.106067,0.11974699999999999,0.129607,0.080489,0.131289
Ancula gibbosa,intergenic,121.6666667,Ancula_gibbosa_ott739837,638039246.0,,0.1002679516138917,,,0.0828413005761217,,,,,,,0.0326003688184121,,,0.0266710559729647,,0.19031644150108762,0.1060222198066064,0.1200580509945081,0.1293907490558914,0.0803097364729099,0.1315221251876058
Ancula gibbosa,intron,121.6666667,Ancula_gibbosa_ott739837,638039246.0,0.0989895004156997,0.1125030035551345,0.048869857203504,0.0435482868028585,0.0958059238935593,0.1422468358074439,0.0702574728067906,0.0604810447842545,0.0510654272187732,0.0557206497966027,0.0305890499400056,0.0271981993255147,0.0580497964491644,0.0583223234965143,0.0148638554670077,0.0314887730371719,,,,,,
Ancula gibbosa,upstream1,121.6666667,Ancula_gibbosa_ott739837,638039246.0,0.1007040389603514,0.1101265152718225,0.0514107246837118,0.047514689534699,0.0946482451961251,0.1271187337885765,0.066412577417818,0.0617542745222592,0.0532211105817585,0.0529987824890159,0.0324175533322746,0.0292837859298078,0.0611719866603144,0.0599438886242125,0.0175109840664866,0.0337621089407654,,,,,,
Ancula gibbosa,upstream2,121.6666667,Ancula_gibbosa_ott739837,638039246.0,0.09052762452405,0.0955241277488538,0.0568342528556997,0.047136529644883,0.070191934105214,0.1237236770533841,0.0729116481467091,0.0663143989431968,0.0618307560805035,0.0517988965731603,0.0377729427305928,0.0359002253477348,0.0674178257828891,0.06138006061077,0.0205066438728727,0.0402284559794855,,,,,,
Ancylostoma caninum,downstream1,815.75,Ancylostoma_caninum_ott936408,348020245.0,0.0935966347277401,0.0688634416140842,0.0747838279971956,0.0545039079743449,0.0476357404377969,0.0747318947833086,0.07152501882579,0.0607229103373062,0.0860143855002466,0.0540365090493625,0.0510373659473916,0.0536599932486821,0.0664745137752849,0.0556853885902729,0.0479603230245903,0.0387681441666017,,,,,,
Ancylostoma caninum,downstream2,815.75,Ancylostoma_caninum_ott936408,348020245.0,0.0759452790947023,0.0858728087739468,0.0515430623554791,0.0435403237266021,0.0710945472865613,0.1434938187079355,0.0832116882613582,0.0656754208058286,0.0561741871310278,0.0725478291198925,0.034174729689579,0.0380113937295733,0.0536422472258464,0.0617160351887974,0.0317784294221751,0.0315781994806939,,,,,,
Ancylostoma caninum,exon,815.75,Ancylostoma_caninum_ott936408,348020245.0,0.0859858026104877,0.0704711639147089,0.0694340386081845,0.0552844480114539,0.0446564147256231,0.0722864111017983,0.0776465592562044,0.063842677094982,0.0836303165177489,0.055809124479492,0.0504311906821016,0.055915838337398,0.0659013652704195,0.0598120057536555,0.0499020678033174,0.0389905758324236,,,,,,
Ancylostoma caninum,genome,815.75,Ancylostoma_caninum_ott936408,348020245.0,,0.074823,,,0.058024,,,,,,,0.049975,,,0.043429,,0.186648,0.111211,0.12009700000000001,0.13455499999999998,0.090887,0.130351
Ancylostoma caninum,intergenic,815.75,Ancylostoma_caninum_ott936408,348020245.0,,0.0749386444100838,,,0.0581702363241238,,,,,,,0.050130086455327,,,0.0436049478378475,,0.186746183440114,0.1110009664495509,0.1193949667471895,0.1342947321168942,0.0920811523259145,0.1296380838929542
Ancylostoma caninum,intron,815.75,Ancylostoma_caninum_ott936408,348020245.0,0.085991708531234,0.0766482124872618,0.0576940420214974,0.0513993591691845,0.0614224219272996,0.1114171578179969,0.0697222338098842,0.0673893394834021,0.0610058620326613,0.0595360829862,0.0422189511907812,0.0473841349677896,0.0633121378441784,0.0623508916209285,0.0405096055096353,0.0419978586000647,,,,,,
Ancylostoma caninum,upstream1,815.75,Ancylostoma_caninum_ott936408,348020245.0,0.0819973905517303,0.0769205926806267,0.0549534303910297,0.0483329242614098,0.0595522600147265,0.1210874423531539,0.0733939620984097,0.0697252328480448,0.0598558344421335,0.0620196096162044,0.0394969707147563,0.0475255454651147,0.0607342625725026,0.0640671222436087,0.0409567115784578,0.0393807081680898,,,,,,
Ancylostoma caninum,upstream2,815.75,Ancylostoma_caninum_ott936408,348020245.0,0.0810866672695095,0.0746534730206301,0.0607923938458358,0.0493534510599268,0.0544173308702897,0.1078205939724328,0.0732776995517432,0.0703582178243402,0.0679167043443438,0.0615610184599088,0.0456395085969694,0.0474997093436333,0.0625169549547222,0.0616579039154642,0.0430429783880843,0.0384053945821653,,,,,,
Ancylostoma ceylanicum,downstream1,243.0,Ancylostoma_ceylanicum_ott459448,313092710.0,0.0914481185860889,0.0682406600040244,0.0747870413843986,0.0543161848547857,0.0468173586424307,0.0739687437118519,0.0715004359782681,0.0613186665772352,0.0857602790260916,0.0549332617881816,0.0514856797907304,0.054329599570729,0.0668455295459118,0.0553357032664833,0.0491112750687504,0.0398014622040378,,,,,,
Ancylostoma ceylanicum,downstream2,243.0,Ancylostoma_ceylanicum_ott459448,313092710.0,0.0739274368834643,0.0855509112188597,0.0511352616619294,0.0443470991472997,0.0702357465306804,0.1433405784985788,0.0820464805216519,0.0659889650560107,0.0560107005517472,0.0717003845510784,0.0350844340411302,0.038675806721284,0.0548403277043972,0.0609998328038789,0.0329978264504263,0.0331182076575823,,,,,,
Ancylostoma ceylanicum,exon,243.0,Ancylostoma_ceylanicum_ott459448,313092710.0,0.085971903592187,0.0700975625243259,0.0696577844828904,0.0555166862842165,0.0437308699491668,0.0709606563275711,0.078209938748561,0.0636737458388648,0.0845243988622213,0.0560034994102976,0.0508531576416138,0.0557130577626115,0.0659902237576564,0.0594652816402074,0.0500253401518527,0.0396058930257552,,,,,,
Ancylostoma ceylanicum,genome,243.0,Ancylostoma_ceylanicum_ott459448,313092710.0,,0.07465,,,0.05746,,,,,,,0.050299,,,0.04418,,0.18621,0.11119899999999999,0.119279,0.13450499999999999,0.091867,0.130351
Ancylostoma ceylanicum,intergenic,243.0,Ancylostoma_ceylanicum_ott459448,313092710.0,,0.075062285390496,,,0.0577943511155215,,,,,,,0.0503218591035877,,,0.0441190801024305,,0.1871969127517854,0.110699964247905,0.1185824945050429,0.1341676747848255,0.09240767808104211,0.1296476999173628
Ancylostoma ceylanicum,intron,243.0,Ancylostoma_ceylanicum_ott459448,313092710.0,0.0831245659913313,0.075181308279218,0.0575541810646022,0.0508909900999162,0.0603564657864945,0.1120789652753832,0.0702613445997225,0.0675189983003643,0.0606772998154768,0.0607213273113018,0.043773356913472,0.0483402287947669,0.062594239547066,0.0622341730960614,0.0419218045519199,0.0427707505729023,,,,,,
Ancylostoma ceylanicum,upstream1,243.0,Ancylostoma_ceylanicum_ott459448,313092710.0,0.0789677332525823,0.0759463005955385,0.0530399380909121,0.0497493354866929,0.0600989199555869,0.1214091046734632,0.0736516267958682,0.0697015578210692,0.0586386729921604,0.0625618249722418,0.0388008478853336,0.0483227347666633,0.0601191077016251,0.0650180007402173,0.0425961441405067,0.041378150129538,,,,,,
Ancylostoma ceylanicum,upstream2,243.0,Ancylostoma_ceylanicum_ott459448,313092710.0,0.0780797028843199,0.0734172311063016,0.0604184201034026,0.049710766435547,0.054052609781839,0.1072368508944197,0.0740250891747825,0.0698368802853593,0.0676926776481904,0.0624490668376684,0.046230611999519,0.0484482919856251,0.0619146861181248,0.0618812873231533,0.0444337568300535,0.040172070591693,,,,,,
